39
L 0 28 4 22 240 31 120 
L 4 22 16 16 240 31 120 
L 16 16 38 8 240 31 120 
L 38 8 60 6 240 31 120 
L 60 6 87 1 240 31 120 
L 87 1 110 0 240 31 120 
L 110 0 135 0 240 31 120 
L 135 0 177 0 240 31 120 
L 177 0 221 0 240 31 120 
L 221 0 261 0 240 31 120 
L 261 0 302 3 240 31 120 
L 302 3 319 5 240 31 120 
L 319 5 341 9 240 31 120 
L 341 9 362 11 240 31 120 
L 362 11 380 15 240 31 120 
L 380 15 387 16 240 31 120 
L 387 16 412 19 240 31 120 
L 412 19 440 22 240 31 120 
L 440 22 463 25 240 31 120 
L 463 25 475 26 240 31 120 
L 475 26 479 29 240 31 120 
L 479 29 475 33 240 31 120 
L 475 33 451 37 240 31 120 
L 451 37 429 38 240 31 120 
L 429 38 401 41 240 31 120 
L 401 41 370 46 240 31 120 
L 370 46 334 51 240 31 120 
L 334 51 283 56 240 31 120 
L 283 56 236 57 240 31 120 
L 236 57 202 58 240 31 120 
L 202 58 151 58 240 31 120 
L 151 58 109 58 240 31 120 
L 109 58 85 57 240 31 120 
L 85 57 64 54 240 31 120 
L 64 54 41 49 240 31 120 
L 41 49 16 42 240 31 120 
L 16 42 4 34 240 31 120 
L 4 34 0 28 240 31 120 