784
L 0 0 0 0 255 255 255
L 0 1 0 1 255 255 255
L 1 0 1 0 255 255 255
L 1 1 1 1 255 255 255
L 0 2 0 2 255 255 255
L 0 3 0 3 255 255 255
L 1 2 1 2 255 255 255
L 1 3 1 3 255 255 255
L 0 4 0 4 255 255 255
L 0 5 0 5 255 255 255
L 1 4 1 4 255 255 255
L 1 5 1 5 255 255 255
L 0 6 0 6 255 255 255
L 0 7 0 7 255 255 255
L 1 6 1 6 255 255 255
L 1 7 1 7 255 255 255
L 0 8 0 8 255 255 255
L 0 9 0 9 255 255 255
L 1 8 1 8 255 255 255
L 1 9 1 9 255 255 255
L 0 10 0 10 255 255 255
L 0 11 0 11 255 255 255
L 1 10 1 10 255 255 255
L 1 11 1 11 255 255 255
L 0 12 0 12 255 255 255
L 0 13 0 13 255 255 255
L 1 12 1 12 255 255 255
L 1 13 1 13 255 255 255
L 0 14 0 14 255 255 255
L 0 15 0 15 255 255 255
L 1 14 1 14 255 255 255
L 1 15 1 15 255 255 255
L 0 16 0 16 255 255 255
L 0 17 0 17 255 255 255
L 1 16 1 16 255 255 255
L 1 17 1 17 255 255 255
L 0 18 0 18 192 192 192
L 0 19 0 19 192 192 192
L 1 18 1 18 192 192 192
L 1 19 1 19 192 192 192
L 0 20 0 20 150 150 150
L 0 21 0 21 150 150 150
L 1 20 1 20 150 150 150
L 1 21 1 21 150 150 150
L 0 22 0 22 255 255 255
L 0 23 0 23 255 255 255
L 1 22 1 22 255 255 255
L 1 23 1 23 255 255 255
L 0 24 0 24 255 255 255
L 0 25 0 25 255 255 255
L 1 24 1 24 255 255 255
L 1 25 1 25 255 255 255
L 0 26 0 26 255 255 255
L 0 27 0 27 255 255 255
L 1 26 1 26 255 255 255
L 1 27 1 27 255 255 255
L 2 0 2 0 255 255 255
L 2 1 2 1 255 255 255
L 3 0 3 0 255 255 255
L 3 1 3 1 255 255 255
L 2 2 2 2 255 255 255
L 2 3 2 3 255 255 255
L 3 2 3 2 255 255 255
L 3 3 3 3 255 255 255
L 2 4 2 4 255 255 255
L 2 5 2 5 255 255 255
L 3 4 3 4 255 255 255
L 3 5 3 5 255 255 255
L 2 6 2 6 255 255 255
L 2 7 2 7 255 255 255
L 3 6 3 6 255 255 255
L 3 7 3 7 255 255 255
L 2 8 2 8 255 255 255
L 2 9 2 9 255 255 255
L 3 8 3 8 255 255 255
L 3 9 3 9 255 255 255
L 2 10 2 10 255 255 255
L 2 11 2 11 255 255 255
L 3 10 3 10 255 255 255
L 3 11 3 11 255 255 255
L 2 12 2 12 255 255 255
L 2 13 2 13 255 255 255
L 3 12 3 12 255 255 255
L 3 13 3 13 255 255 255
L 2 14 2 14 255 255 255
L 2 15 2 15 255 255 255
L 3 14 3 14 255 255 255
L 3 15 3 15 255 255 255
L 2 16 2 16 255 255 255
L 2 17 2 17 255 255 255
L 3 16 3 16 255 255 255
L 3 17 3 17 255 255 255
L 2 18 2 18 192 192 192
L 2 19 2 19 192 192 192
L 3 18 3 18 192 192 192
L 3 19 3 19 192 192 192
L 2 20 2 20 150 150 150
L 2 21 2 21 150 150 150
L 3 20 3 20 150 150 150
L 3 21 3 21 150 150 150
L 2 22 2 22 192 192 192
L 2 23 2 23 192 192 192
L 3 22 3 22 192 192 192
L 3 23 3 23 192 192 192
L 2 24 2 24 255 255 255
L 2 25 2 25 255 255 255
L 3 24 3 24 255 255 255
L 3 25 3 25 255 255 255
L 2 26 2 26 255 255 255
L 2 27 2 27 255 255 255
L 3 26 3 26 255 255 255
L 3 27 3 27 255 255 255
L 4 0 4 0 255 255 255
L 4 1 4 1 255 255 255
L 5 0 5 0 255 255 255
L 5 1 5 1 255 255 255
L 4 2 4 2 255 255 255
L 4 3 4 3 255 255 255
L 5 2 5 2 255 255 255
L 5 3 5 3 255 255 255
L 4 4 4 4 255 255 255
L 4 5 4 5 255 255 255
L 5 4 5 4 255 255 255
L 5 5 5 5 255 255 255
L 4 6 4 6 255 255 255
L 4 7 4 7 255 255 255
L 5 6 5 6 255 255 255
L 5 7 5 7 255 255 255
L 4 8 4 8 255 255 255
L 4 9 4 9 255 255 255
L 5 8 5 8 255 255 255
L 5 9 5 9 255 255 255
L 4 10 4 10 255 255 255
L 4 11 4 11 255 255 255
L 5 10 5 10 255 255 255
L 5 11 5 11 255 255 255
L 4 12 4 12 255 255 255
L 4 13 4 13 255 255 255
L 5 12 5 12 255 255 255
L 5 13 5 13 255 255 255
L 4 14 4 14 255 255 255
L 4 15 4 15 255 255 255
L 5 14 5 14 255 255 255
L 5 15 5 15 255 255 255
L 4 16 4 16 255 255 255
L 4 17 4 17 255 255 255
L 5 16 5 16 255 255 255
L 5 17 5 17 255 255 255
L 4 18 4 18 151 151 151
L 4 19 4 19 151 151 151
L 5 18 5 18 151 151 151
L 5 19 5 19 151 151 151
L 4 20 4 20 128 128 128
L 4 21 4 21 128 128 128
L 5 20 5 20 128 128 128
L 5 21 5 21 128 128 128
L 4 22 4 22 103 103 103
L 4 23 4 23 103 103 103
L 5 22 5 22 103 103 103
L 5 23 5 23 103 103 103
L 4 24 4 24 103 103 103
L 4 25 4 25 103 103 103
L 5 24 5 24 103 103 103
L 5 25 5 25 103 103 103
L 4 26 4 26 255 255 255
L 4 27 4 27 255 255 255
L 5 26 5 26 255 255 255
L 5 27 5 27 255 255 255
L 6 0 6 0 255 255 255
L 6 1 6 1 255 255 255
L 7 0 7 0 255 255 255
L 7 1 7 1 255 255 255
L 6 2 6 2 255 255 255
L 6 3 6 3 255 255 255
L 7 2 7 2 255 255 255
L 7 3 7 3 255 255 255
L 6 4 6 4 255 255 255
L 6 5 6 5 255 255 255
L 7 4 7 4 255 255 255
L 7 5 7 5 255 255 255
L 6 6 6 6 192 192 192
L 6 7 6 7 192 192 192
L 7 6 7 6 192 192 192
L 7 7 7 7 192 192 192
L 6 8 6 8 192 192 192
L 6 9 6 9 192 192 192
L 7 8 7 8 192 192 192
L 7 9 7 9 192 192 192
L 6 10 6 10 255 255 255
L 6 11 6 11 255 255 255
L 7 10 7 10 255 255 255
L 7 11 7 11 255 255 255
L 6 12 6 12 0 155 206
L 6 13 6 13 0 155 206
L 7 12 7 12 0 155 206
L 7 13 7 13 0 155 206
L 6 14 6 14 0 155 206
L 6 15 6 15 0 155 206
L 7 14 7 14 0 155 206
L 7 15 7 15 0 155 206
L 6 16 6 16 0 155 206
L 6 17 6 17 0 155 206
L 7 16 7 16 0 155 206
L 7 17 7 17 0 155 206
L 6 18 6 18 0 57 151 154
L 6 19 6 19 0 57 151 154
L 7 18 7 18 0 57 151 154
L 7 19 7 19 0 57 151 154
L 6 20 6 20 80 80 80
L 6 21 6 21 80 80 80
L 7 20 7 20 80 80 80
L 7 21 7 21 80 80 80
L 6 22 6 22 127 127 127
L 6 23 6 23 127 127 127
L 7 22 7 22 127 127 127
L 7 23 7 23 127 127 127
L 6 24 6 24 127 127 127
L 6 25 6 25 127 127 127
L 7 24 7 24 127 127 127
L 7 25 7 25 127 127 127
L 6 26 6 26 255 255 255
L 6 27 6 27 255 255 255
L 7 26 7 26 255 255 255
L 7 27 7 27 255 255 255
L 8 0 8 0 255 255 255
L 8 1 8 1 255 255 255
L 9 0 9 0 255 255 255
L 9 1 9 1 255 255 255
L 8 2 8 2 255 255 255
L 8 3 8 3 255 255 255
L 9 2 9 2 255 255 255
L 9 3 9 3 255 255 255
L 8 4 8 4 192 192 192
L 8 5 8 5 192 192 192
L 9 4 9 4 192 192 192
L 9 5 9 5 192 192 192
L 8 6 8 6 192 192 192
L 8 7 8 7 192 192 192
L 9 6 9 6 192 192 192
L 9 7 9 7 192 192 192
L 8 8 8 8 0 155 206
L 8 9 8 9 0 155 206
L 9 8 9 8 0 155 206
L 9 9 9 9 0 155 206
L 8 10 8 10 0 155 206
L 8 11 8 11 0 155 206
L 9 10 9 10 0 155 206
L 9 11 9 11 0 155 206
L 8 12 8 12 0 155 206
L 8 13 8 13 0 155 206
L 9 12 9 12 0 155 206
L 9 13 9 13 0 155 206
L 8 14 8 14 0 155 206
L 8 15 8 15 0 155 206
L 9 14 9 14 0 155 206
L 9 15 9 15 0 155 206
L 8 16 8 16 0 155 206
L 8 17 8 17 0 155 206
L 9 16 9 16 0 155 206
L 9 17 9 17 0 155 206
L 8 18 8 18 0 57 151 154
L 8 19 8 19 0 57 151 154
L 9 18 9 18 0 57 151 154
L 9 19 9 19 0 57 151 154
L 8 20 8 20 36 36 36
L 8 21 8 21 36 36 36
L 9 20 9 20 36 36 36
L 9 21 9 21 36 36 36
L 8 22 8 22 36 36 36
L 8 23 8 23 36 36 36
L 9 22 9 22 36 36 36
L 9 23 9 23 36 36 36
L 8 24 8 24 36 36 36
L 8 25 8 25 36 36 36
L 9 24 9 24 36 36 36
L 9 25 9 25 36 36 36
L 8 26 8 26 255 255 255
L 8 27 8 27 255 255 255
L 9 26 9 26 255 255 255
L 9 27 9 27 255 255 255
L 10 0 10 0 255 255 255
L 10 1 10 1 255 255 255
L 11 0 11 0 255 255 255
L 11 1 11 1 255 255 255
L 10 2 10 2 255 255 255
L 10 3 10 3 255 255 255
L 11 2 11 2 255 255 255
L 11 3 11 3 255 255 255
L 10 4 10 4 192 192 192
L 10 5 10 5 192 192 192
L 11 4 11 4 192 192 192
L 11 5 11 5 192 192 192
L 10 6 10 6 0 155 206
L 10 7 10 7 0 155 206
L 11 6 11 6 0 155 206
L 11 7 11 7 0 155 206
L 10 8 10 8 0 155 206
L 10 9 10 9 0 155 206
L 11 8 11 8 0 155 206
L 11 9 11 9 0 155 206
L 10 10 10 10 0 155 206
L 10 11 10 11 0 155 206
L 11 10 11 10 0 155 206
L 11 11 11 11 0 155 206
L 10 12 10 12 0 155 206
L 10 13 10 13 0 155 206
L 11 12 11 12 0 155 206
L 11 13 11 13 0 155 206
L 10 14 10 14 0 155 206
L 10 15 10 15 0 155 206
L 11 14 11 14 0 155 206
L 11 15 11 15 0 155 206
L 10 16 10 16 0 155 206
L 10 17 10 17 0 155 206
L 11 16 11 16 0 155 206
L 11 17 11 17 0 155 206
L 10 18 10 18 57 151 154
L 10 19 10 19 57 151 154
L 11 18 11 18 57 151 154
L 11 19 11 19 57 151 154
L 10 20 10 20 255 255 255
L 10 21 10 21 255 255 255
L 11 20 11 20 255 255 255
L 11 21 11 21 255 255 255
L 10 22 10 22 255 255 255
L 10 23 10 23 255 255 255
L 11 22 11 22 255 255 255
L 11 23 11 23 255 255 255
L 10 24 10 24 255 255 255
L 10 25 10 25 255 255 255
L 11 24 11 24 255 255 255
L 11 25 11 25 255 255 255
L 10 26 10 26 255 255 255
L 10 27 10 27 255 255 255
L 11 26 11 26 255 255 255
L 11 27 11 27 255 255 255
L 12 0 12 0 255 255 255
L 12 1 12 1 255 255 255
L 13 0 13 0 255 255 255
L 13 1 13 1 255 255 255
L 12 2 12 2 255 255 255
L 12 3 12 3 255 255 255
L 13 2 13 2 255 255 255
L 13 3 13 3 255 255 255
L 12 4 12 4 0 155 206
L 12 5 12 5 0 155 206
L 13 4 13 4 0 155 206
L 13 5 13 5 0 155 206
L 12 6 12 6 0 155 206
L 12 7 12 7 0 155 206
L 13 6 13 6 0 155 206
L 13 7 13 7 0 155 206
L 12 8 12 8 0 155 206
L 12 9 12 9 0 155 206
L 13 8 13 8 0 155 206
L 13 9 13 9 0 155 206
L 12 10 12 10 0 155 206
L 12 11 12 11 0 155 206
L 13 10 13 10 0 155 206
L 13 11 13 11 0 155 206
L 12 12 12 12 0 155 206
L 12 13 12 13 0 155 206
L 13 12 13 12 0 155 206
L 13 13 13 13 0 155 206
L 12 14 12 14 0 155 206
L 12 15 12 15 0 155 206
L 13 14 13 14 0 155 206
L 13 15 13 15 0 155 206
L 12 16 12 16 57 151 154
L 12 17 12 17 57 151 154
L 13 16 13 16 57 151 154
L 13 17 13 17 57 151 154
L 12 18 12 18 57 151 154
L 12 19 12 19 57 151 154
L 13 18 13 18 57 151 154
L 13 19 13 19 57 151 154
L 12 20 12 20 255 255 255
L 12 21 12 21 255 255 255
L 13 20 13 20 255 255 255
L 13 21 13 21 255 255 255
L 12 22 12 22 255 255 255
L 12 23 12 23 255 255 255
L 13 22 13 22 255 255 255
L 13 23 13 23 255 255 255
L 12 24 12 24 255 255 255
L 12 25 12 25 255 255 255
L 13 24 13 24 255 255 255
L 13 25 13 25 255 255 255
L 12 26 12 26 255 255 255
L 12 27 12 27 255 255 255
L 13 26 13 26 255 255 255
L 13 27 13 27 255 255 255
L 14 0 14 0 255 255 255
L 14 1 14 1 255 255 255
L 15 0 15 0 255 255 255
L 15 1 15 1 255 255 255
L 14 2 14 2 0 155 206
L 14 3 14 3 0 155 206
L 15 2 15 2 0 155 206
L 15 3 15 3 0 155 206
L 14 4 14 4 0 155 206
L 14 5 14 5 0 155 206
L 15 4 15 4 0 155 206
L 15 5 15 5 0 155 206
L 14 6 14 6 0 155 206
L 14 7 14 7 0 155 206
L 15 6 15 6 0 155 206
L 15 7 15 7 0 155 206
L 14 8 14 8 0 155 206
L 14 9 14 9 0 155 206
L 15 8 15 8 0 155 206
L 15 9 15 9 0 155 206
L 14 10 14 10 197 196 191
L 14 11 14 11 197 196 191
L 15 10 15 10 197 196 191
L 15 11 15 11 197 196 191
L 14 12 14 12 197 196 191
L 14 13 14 13 197 196 191
L 15 12 15 12 197 196 191
L 15 13 15 13 197 196 191
L 14 14 14 14 139 156 144
L 14 15 14 15 139 156 144
L 15 14 15 14 139 156 144
L 15 15 15 15 139 156 144
L 14 16 14 16 57 151 154
L 14 17 14 17 57 151 154
L 15 16 15 16 57 151 154
L 15 17 15 17 57 151 154
L 14 18 14 18 0 53 53
L 14 19 14 19 0 53 53
L 15 18 15 18 0 53 53
L 15 19 15 19 0 53 53
L 14 20 14 20 255 255 255
L 14 21 14 21 255 255 255
L 15 20 15 20 255 255 255
L 15 21 15 21 255 255 255
L 14 22 14 22 255 255 255
L 14 23 14 23 255 255 255
L 15 22 15 22 255 255 255
L 15 23 15 23 255 255 255
L 14 24 14 24 255 255 255
L 14 25 14 25 255 255 255
L 15 24 15 24 255 255 255
L 15 25 15 25 255 255 255
L 14 26 14 26 255 255 255
L 14 27 14 27 255 255 255
L 15 26 15 26 255 255 255
L 15 27 15 27 255 255 255
L 16 0 16 0 255 255 255
L 16 1 16 1 255 255 255
L 17 0 17 0 255 255 255
L 17 1 17 1 255 255 255
L 16 2 16 2 0 155 206
L 16 3 16 3 0 155 206
L 17 2 17 2 0 155 206
L 17 3 17 3 0 155 206
L 16 4 16 4 0 155 206
L 16 5 16 5 0 155 206
L 17 4 17 4 0 155 206
L 17 5 17 5 0 155 206
L 16 6 16 6 0 155 206
L 16 7 16 7 0 155 206
L 17 6 17 6 0 155 206
L 17 7 17 7 0 155 206
L 16 8 16 8 197 196 191
L 16 9 16 9 197 196 191
L 17 8 17 8 197 196 191
L 17 9 17 9 197 196 191
L 16 10 16 10 139 156 144
L 16 11 16 11 139 156 144
L 17 10 17 10 139 156 144
L 17 11 17 11 139 156 144
L 16 12 16 12 139 156 144
L 16 13 16 13 139 156 144
L 17 12 17 12 139 156 144
L 17 13 17 13 139 156 144
L 16 14 16 14 57 151 154
L 16 15 16 15 57 151 154
L 17 14 17 14 57 151 154
L 17 15 17 15 57 151 154
L 16 16 16 16 57 151 154
L 16 17 16 17 57 151 154
L 17 16 17 16 57 151 154
L 17 17 17 17 57 151 154
L 16 18 16 18 255 255 255
L 16 19 16 19 255 255 255
L 17 18 17 18 255 255 255
L 17 19 17 19 255 255 255
L 16 20 16 20 255 255 255
L 16 21 16 21 255 255 255
L 17 20 17 20 255 255 255
L 17 21 17 21 255 255 255
L 16 22 16 22 255 255 255
L 16 23 16 23 255 255 255
L 17 22 17 22 255 255 255
L 17 23 17 23 255 255 255
L 16 24 16 24 255 255 255
L 16 25 16 25 255 255 255
L 17 24 17 24 255 255 255
L 17 25 17 25 255 255 255
L 16 26 16 26 255 255 255
L 16 27 16 27 255 255 255
L 17 26 17 26 255 255 255
L 17 27 17 27 255 255 255
L 18 0 18 0 0 155 206
L 18 1 18 1 0 155 206
L 19 0 19 0 0 155 206
L 19 1 19 1 0 155 206
L 18 2 18 2 0 155 206
L 18 3 18 3 0 155 206
L 19 2 19 2 0 155 206
L 19 3 19 3 0 155 206
L 18 4 18 4 0 155 206
L 18 5 18 5 0 155 206
L 19 4 19 4 0 155 206
L 19 5 19 5 0 155 206
L 18 6 18 6 0 155 206
L 18 7 18 7 0 155 206
L 19 6 19 6 0 155 206
L 19 7 19 7 0 155 206
L 18 8 18 8 0 155 206
L 18 9 18 9 0 155 206
L 19 8 19 8 0 155 206
L 19 9 19 9 0 155 206
L 18 10 18 10 0 155 206
L 18 11 18 11 0 155 206
L 19 10 19 10 0 155 206
L 19 11 19 11 0 155 206
L 18 12 18 12 57 151 154
L 18 13 18 13 57 151 154
L 19 12 19 12 57 151 154
L 19 13 19 13 57 151 154
L 18 14 18 14 57 151 154
L 18 15 18 15 57 151 154
L 19 14 19 14 57 151 154
L 19 15 19 15 57 151 154
L 18 16 18 16 0 53 53
L 18 17 18 17 0 53 53
L 19 16 19 16 0 53 53
L 19 17 19 17 0 53 53
L 18 18 18 18 255 255 255
L 18 19 18 19 255 255 255
L 19 18 19 18 255 255 255
L 19 19 19 19 255 255 255
L 18 20 18 20 255 255 255
L 18 21 18 21 255 255 255
L 19 20 19 20 255 255 255
L 19 21 19 21 255 255 255
L 18 22 18 22 255 255 255
L 18 23 18 23 255 255 255
L 19 22 19 22 255 255 255
L 19 23 19 23 255 255 255
L 18 24 18 24 255 255 255
L 18 25 18 25 255 255 255
L 19 24 19 24 255 255 255
L 19 25 19 25 255 255 255
L 18 26 18 26 255 255 255
L 18 27 18 27 255 255 255
L 19 26 19 26 255 255 255
L 19 27 19 27 255 255 255
L 20 0 20 0 0 155 206
L 20 1 20 1 0 155 206
L 21 0 21 0 0 155 206
L 21 1 21 1 0 155 206
L 20 2 20 2 0 0 0
L 20 3 20 3 0 0 0
L 21 2 21 2 0 0 0
L 21 3 21 3 0 0 0
L 20 4 20 4 0 155 206
L 20 5 20 5 0 155 206
L 21 4 21 4 0 155 206
L 21 5 21 5 0 155 206
L 20 6 20 6 0 155 206
L 20 7 20 7 0 155 206
L 21 6 21 6 0 155 206
L 21 7 21 7 0 155 206
L 20 8 20 8 0 155 206
L 20 9 20 9 0 155 206
L 21 8 21 8 0 155 206
L 21 9 21 9 0 155 206
L 20 10 20 10 0 57 151 154
L 20 11 20 11 0 57 151 154
L 21 10 21 10 0 57 151 154
L 21 11 21 11 0 57 151 154
L 20 12 20 12 57 151 154
L 20 13 20 13 57 151 154
L 21 12 21 12 57 151 154
L 21 13 21 13 57 151 154
L 20 14 20 14 0 53 53
L 20 15 20 15 0 53 53
L 21 14 21 14 0 53 53
L 21 15 21 15 0 53 53
L 20 16 20 16 255 255 255
L 20 17 20 17 255 255 255
L 21 16 21 16 255 255 255
L 21 17 21 17 255 255 255
L 20 18 20 18 255 255 255
L 20 19 20 19 255 255 255
L 21 18 21 18 255 255 255
L 21 19 21 19 255 255 255
L 20 20 20 20 255 255 255
L 20 21 20 21 255 255 255
L 21 20 21 20 255 255 255
L 21 21 21 21 255 255 255
L 20 22 20 22 255 255 255
L 20 23 20 23 255 255 255
L 21 22 21 22 255 255 255
L 21 23 21 23 255 255 255
L 20 24 20 24 255 255 255
L 20 25 20 25 255 255 255
L 21 24 21 24 255 255 255
L 21 25 21 25 255 255 255
L 20 26 20 26 255 255 255
L 20 27 20 27 255 255 255
L 21 26 21 26 255 255 255
L 21 27 21 27 255 255 255
L 22 0 22 0 0 155 206
L 22 1 22 1 0 155 206
L 23 0 23 0 0 155 206
L 23 1 23 1 0 155 206
L 22 2 22 2 0 155 206
L 22 3 22 3 0 155 206
L 23 2 23 2 0 155 206
L 23 3 23 3 0 155 206
L 22 4 22 4 0 155 206
L 22 5 22 5 0 155 206
L 23 4 23 4 0 155 206
L 23 5 23 5 0 155 206
L 22 6 22 6 57 151 154
L 22 7 22 7 57 151 154
L 23 6 23 6 57 151 154
L 23 7 23 7 57 151 154
L 22 8 22 8 57 151 154
L 22 9 22 9 57 151 154
L 23 8 23 8 57 151 154
L 23 9 23 9 57 151 154
L 22 10 22 10 57 151 154
L 22 11 22 11 57 151 154
L 23 10 23 10 57 151 154
L 23 11 23 11 57 151 154
L 22 12 22 12 0 53 53
L 22 13 22 13 0 53 53
L 23 12 23 12 0 53 53
L 23 13 23 13 0 53 53
L 22 14 22 14 255 255 255
L 22 15 22 15 255 255 255
L 23 14 23 14 255 255 255
L 23 15 23 15 255 255 255
L 22 16 22 16 255 255 255
L 22 17 22 17 255 255 255
L 23 16 23 16 255 255 255
L 23 17 23 17 255 255 255
L 22 18 22 18 255 255 255
L 22 19 22 19 255 255 255
L 23 18 23 18 255 255 255
L 23 19 23 19 255 255 255
L 22 20 22 20 255 255 255
L 22 21 22 21 255 255 255
L 23 20 23 20 255 255 255
L 23 21 23 21 255 255 255
L 22 22 22 22 255 255 255
L 22 23 22 23 255 255 255
L 23 22 23 22 255 255 255
L 23 23 23 23 255 255 255
L 22 24 22 24 255 255 255
L 22 25 22 25 255 255 255
L 23 24 23 24 255 255 255
L 23 25 23 25 255 255 255
L 22 26 22 26 255 255 255
L 22 27 22 27 255 255 255
L 23 26 23 26 255 255 255
L 23 27 23 27 255 255 255
L 24 0 24 0 0 155 206
L 24 1 24 1 0 155 206
L 25 0 25 0 0 155 206
L 25 1 25 1 0 155 206
L 24 2 24 2 0 155 206
L 24 3 24 3 0 155 206
L 25 2 25 2 0 155 206
L 25 3 25 3 0 155 206
L 24 4 24 4 0 155 206
L 24 5 24 5 0 155 206
L 25 4 25 4 0 155 206
L 25 5 25 5 0 155 206
L 24 6 24 6 57 151 154
L 24 7 24 7 57 151 154
L 25 6 25 6 57 151 154
L 25 7 25 7 57 151 154
L 24 8 24 8 57 151 154
L 24 9 24 9 57 151 154
L 25 8 25 8 57 151 154
L 25 9 25 9 57 151 154
L 24 10 24 10 57 151 154
L 24 11 24 11 57 151 154
L 25 10 25 10 57 151 154
L 25 11 25 11 57 151 154
L 24 12 24 12 0 53 53
L 24 13 24 13 0 53 53
L 25 12 25 12 0 53 53
L 25 13 25 13 0 53 53
L 24 14 24 14 255 255 255
L 24 15 24 15 255 255 255
L 25 14 25 14 255 255 255
L 25 15 25 15 255 255 255
L 24 16 24 16 255 255 255
L 24 17 24 17 255 255 255
L 25 16 25 16 255 255 255
L 25 17 25 17 255 255 255
L 24 18 24 18 255 255 255
L 24 19 24 19 255 255 255
L 25 18 25 18 255 255 255
L 25 19 25 19 255 255 255
L 24 20 24 20 255 255 255
L 24 21 24 21 255 255 255
L 25 20 25 20 255 255 255
L 25 21 25 21 255 255 255
L 24 22 24 22 255 255 255
L 24 23 24 23 255 255 255
L 25 22 25 22 255 255 255
L 25 23 25 23 255 255 255
L 24 24 24 24 255 255 255
L 24 25 24 25 255 255 255
L 25 24 25 24 255 255 255
L 25 25 25 25 255 255 255
L 24 26 24 26 255 255 255
L 24 27 24 27 255 255 255
L 25 26 25 26 255 255 255
L 25 27 25 27 255 255 255
L 26 0 26 0 255 255 255
L 26 1 26 1 255 255 255
L 27 0 27 0 255 255 255
L 27 1 27 1 255 255 255
L 26 2 26 2 0 53 53
L 26 3 26 3 0 53 53
L 27 2 27 2 0 53 53
L 27 3 27 3 0 53 53
L 26 4 26 4 0 53 53
L 26 5 26 5 0 53 53
L 27 4 27 4 0 53 53
L 27 5 27 5 0 53 53
L 26 6 26 6 0 53 53
L 26 7 26 7 0 53 53
L 27 6 27 6 0 53 53
L 27 7 27 7 0 53 53
L 26 8 26 8 255 255 255
L 26 9 26 9 255 255 255
L 27 8 27 8 255 255 255
L 27 9 27 9 255 255 255
L 26 10 26 10 255 255 255
L 26 11 26 11 255 255 255
L 27 10 27 10 255 255 255
L 27 11 27 11 255 255 255
L 26 12 26 12 255 255 255
L 26 13 26 13 255 255 255
L 27 12 27 12 255 255 255
L 27 13 27 13 255 255 255
L 26 14 26 14 255 255 255
L 26 15 26 15 255 255 255
L 27 14 27 14 255 255 255
L 27 15 27 15 255 255 255
L 26 16 26 16 255 255 255
L 26 17 26 17 255 255 255
L 27 16 27 16 255 255 255
L 27 17 27 17 255 255 255
L 26 18 26 18 255 255 255
L 26 19 26 19 255 255 255
L 27 18 27 18 255 255 255
L 27 19 27 19 255 255 255
L 26 20 26 20 255 255 255
L 26 21 26 21 255 255 255
L 27 20 27 20 255 255 255
L 27 21 27 21 255 255 255
L 26 22 26 22 255 255 255
L 26 23 26 23 255 255 255
L 27 22 27 22 255 255 255
L 27 23 27 23 255 255 255
L 26 24 26 24 255 255 255
L 26 25 26 25 255 255 255
L 27 24 27 24 255 255 255
L 27 25 27 25 255 255 255
L 26 26 26 26 255 255 255
L 26 27 26 27 255 255 255
L 27 26 27 26 255 255 255
L 27 27 27 27 255 255 255 
