37
L 0 16 1 13 255 0 0
L 1 13 2 10 255 0 0
L 2 10 7 4 255 0 0
L 7 4 21 0 255 0 0
L 21 0 35 4 255 0 0
L 35 4 41 10 255 0 0
L 41 10 42 13 255 0 0
L 42 13 42 16 255 0 0
L 0 16 42 16 255 0 0
L 17 34 23 34 255 0 0
L 17 34 16 36 255 0 0
L 23 34 24 36 255 0 0
L 16 36 24 36 255 0 0
L 16 36 17 42 255 0 0
L 24 36 23 41 255 0 0
L 0 16 17 35 255 0 0
L 4 16 17 34 255 0 0
L 14 15 17 34 255 0 0
L 19 15 17 34  255 0 0
L 40 16 24 35 255 0 0
L 37 16 23 34 255 0 0
L 27 15 23 34 255 0 0
L 22 15 23 34 255 0 0
L 20 40 19 41 255 0 0
L 19 41 19 42 255 0 0
L 19 43 20 43 255 0 0
L 20 43 21 43 255 0 0
L 21 43 21 42 255 0 0
L 21 42 21 41 255 0 0
L 21 41 20 40 255 0 0
L 8 37 8 37 255 0 0
L 8 37 8 37 255 0 0
L 20 44 20 48 255 0 0
L 20 44 23 45 255 0 0
L 20 44 17 45 255 0 0
L 20 48 18 54 255 0 0
L 20 48 23 54 255 0 0
