57
L 10 32 49 24 240 31 120 
L 49 24 57 21 240 31 120 
L 57 21 62 21 240 31 120 
L 62 21 68 20 240 31 120 
L 68 20 87 23 240 31 120 
L 87 23 90 19 240 31 120 
L 90 19 79 19 240 31 120 
L 79 19 79 20 240 31 120 
L 79 20 77 19 240 31 120 
L 77 19 74 18 240 31 120 
L 74 18 77 18 240 31 120 
L 77 18 79 16 240 31 120 
L 79 16 79 18 240 31 120 
L 79 18 94 17 240 31 120 
L 94 17 95 15 240 31 120 
L 95 15 99 16 240 31 120 
L 99 16 100 20 240 31 120 
L 100 20 97 20 240 31 120 
L 97 20 101 24 240 31 120 
L 101 24 110 24 240 31 120 
L 110 24 114 24 240 31 120 
L 114 24 119 22 240 31 120 
L 119 22 131 8 240 31 120 
L 131 8 138 8 240 31 120 
L 138 8 139 27 240 31 120 
L 139 27 144 27 240 31 120 
L 144 27 147 30 240 31 120 
L 147 30 146 34 240 31 120 
L 146 34 143 34 240 31 120 
L 143 34 140 36 240 31 120 
L 140 36 138 36 240 31 120 
L 138 36 145 43 240 31 120 
L 145 43 139 43 240 31 120 
L 139 43 125 37 240 31 120 
L 125 37 113 38 240 31 120 
L 113 38 119 47 240 31 120 
L 119 47 119 46 240 31 120 
L 119 46 123 46 240 31 120 
L 123 46 123 52 240 31 120 
L 123 52 120 52 240 31 120 
L 120 52 118 50 240 31 120 
L 118 50 99 51 240 31 120 
L 99 51 99 53 240 31 120 
L 99 53 96 50 240 31 120 
L 96 50 92 50 240 31 120 
L 92 50 96 49 240 31 120 
L 96 49 99 47 240 31 120 
L 99 47 99 48 240 31 120 
L 99 48 111 47 240 31 120 
L 111 47 89 39 240 31 120 
L 89 39 84 39 240 31 120 
L 84 39 80 38 240 31 120 
L 80 38 73 37 240 31 120 
L 73 37 67 36 240 31 120 
L 67 36 48 36 240 31 120 
L 48 36 28 35 240 31 120 
L 28 35 10 32 240 31 120 
