40
L 13 0 11 14 240 31 120 
L 11 14 10 16 240 31 120 
L 10 16 9 18 240 31 120 
L 9 18 7 20 240 31 120 
L 7 20 5 22 240 31 120 
L 5 22 0 24 240 31 120 
L 0 24 0 24 240 31 120 
L 0 24 0 27 240 31 120 
L 0 27 3 27 240 31 120 
L 3 27 6 28 240 31 120 
L 6 28 8 28 240 31 120 
L 8 28 9 29 240 31 120 
L 9 29 6 32 240 31 120 
L 6 32 6 33 240 31 120 
L 6 33 10 35 240 31 120 
L 10 35 11 34 240 31 120 
L 11 34 11 30 240 31 120 
L 11 30 12 30 240 31 120 
L 12 30 12 33 240 31 120 
L 12 33 12 34 240 31 120 
L 12 34 14 34 240 31 120 
L 14 34 15 33 240 31 120 
L 15 33 15 31 240 31 120 
L 15 31 15 30 240 31 120 
L 15 30 15 35 240 31 120 
L 15 35 19 34 240 31 120 
L 19 34 21 34 240 31 120 
L 21 34 21 33 240 31 120 
L 21 33 18 30 240 31 120 
L 18 30 16 29 240 31 120 
L 16 29 20 28 240 31 120 
L 20 28 24 27 240 31 120 
L 24 27 27 27 240 31 120 
L 27 27 27 24 240 31 120 
L 27 24 20 21 240 31 120 
L 20 21 16 15 240 31 120 
L 16 15 15 14 240 31 120 
L 15 14 15 6 240 31 120 
L 15 6 14 0 240 31 120 
L 14 0 13 0 240 31 120 
