40
L 18 0 15 19 240 31 120 
L 15 19 14 22 240 31 120 
L 14 22 13 24 240 31 120 
L 13 24 10 27 240 31 120 
L 10 27 7 30 240 31 120 
L 7 30 1 33 240 31 120 
L 1 33 0 33 240 31 120 
L 0 33 0 36 240 31 120 
L 0 36 4 37 240 31 120 
L 4 37 8 38 240 31 120 
L 8 38 11 38 240 31 120 
L 11 38 13 39 240 31 120 
L 13 39 8 43 240 31 120 
L 8 43 8 45 240 31 120 
L 8 45 14 47 240 31 120 
L 14 47 15 46 240 31 120 
L 15 46 15 40 240 31 120 
L 15 40 16 41 240 31 120 
L 16 41 16 45 240 31 120 
L 16 45 17 46 240 31 120 
L 17 46 19 46 240 31 120 
L 19 46 20 45 240 31 120 
L 20 45 20 42 240 31 120 
L 20 42 21 40 240 31 120 
L 21 40 21 47 240 31 120 
L 21 47 26 46 240 31 120 
L 26 46 28 46 240 31 120 
L 28 46 28 44 240 31 120 
L 28 44 24 40 240 31 120 
L 24 40 22 39 240 31 120 
L 22 39 27 38 240 31 120 
L 27 38 33 37 240 31 120 
L 33 37 36 37 240 31 120 
L 36 37 36 33 240 31 120 
L 36 33 27 28 240 31 120 
L 27 28 22 21 240 31 120 
L 22 21 20 19 240 31 120 
L 20 19 20 9 240 31 120 
L 20 9 19 1 240 31 120 
L 19 1 18 0 240 31 120 
