674

L 10 14 12 24 0 255 0 
L 12 24 21 33 0 255 0 
L 21 33 27 39 0 255 0 
L 27 39 30 41 0 255 0 
L 30 41 32 47 0 255 0 
L 32 47 39 54 0 255 0 
L 39 54 40 60 0 255 0 
L 40 60 55 72 0 255 0 
L 55 72 56 85 0 255 0 
L 56 85 60 93 0 255 0 
L 60 93 66 97 0 255 0 
L 66 97 73 109 0 255 0 
L 73 109 80 132 0 255 0 
L 80 132 89 146 0 255 0 
L 89 146 95 151 0 255 0 
L 95 151 97 156 0 255 0 
L 97 156 104 161 0 255 0 
L 104 161 110 168 0 255 0 
L 110 168 115 170 0 255 0 
L 115 170 125 184 0 255 0 
L 125 184 131 182 0 255 0 
L 131 182 138 182 0 255 0 
L 138 182 141 185 0 255 0 
L 141 185 145 172 0 255 0 
L 145 172 146 163 0 255 0 
L 146 163 149 158 0 255 0 
L 149 158 146 154 0 255 0 
L 146 154 151 146 0 255 0 
L 151 146 144 138 0 255 0 
L 144 138 135 135 0 255 0 
L 135 135 133 131 0 255 0 
L 133 131 130 127 0 255 0 
L 130 127 129 116 0 255 0 
L 129 116 122 113 0 255 0 
L 122 113 119 110 0 255 0 
L 119 110 120 105 0 255 0 
L 120 105 122 101 0 255 0 
L 122 101 121 97 0 255 0 
L 121 97 108 92 0 255 0 
L 108 92 107 88 0 255 0 
L 107 88 102 84 0 255 0 
L 102 84 98 79 0 255 0 
L 98 79 86 68 0 255 0 
L 86 68 81 66 0 255 0 
L 81 66 78 63 0 255 0 
L 78 63 77 58 0 255 0 
L 77 58 54 38 0 255 0 
L 54 38 52 33 0 255 0 
L 52 33 47 31 0 255 0 
L 47 31 46 24 0 255 0 
L 46 24 36 18 0 255 0 
L 36 18 21 17 0 255 0 
L 21 17 18 11 0 255 0 
L 18 11 12 10 0 255 0 
L 12 10 10 14 0 255 0 
 
L 136 196 137 199 0 255 0 
L 137 199 147 201 0 255 0 
L 147 201 151 204 0 255 0 
L 151 204 149 207 0 255 0 
L 149 207 161 209 0 255 0 
L 161 209 168 215 0 255 0 
L 168 215 194 218 0 255 0 
L 194 218 207 223 0 255 0 
L 207 223 213 226 0 255 0 
L 213 226 221 229 0 255 0 
L 221 229 226 227 0 255 0 
L 226 227 231 231 0 255 0 
L 231 231 241 231 0 255 0 
L 241 231 244 230 0 255 0 
L 244 230 248 234 0 255 0 
L 248 234 256 236 0 255 0 
L 256 236 259 241 0 255 0 
L 259 241 262 239 0 255 0 
L 262 239 260 236 0 255 0 
L 260 236 259 231 0 255 0 
L 259 231 261 227 0 255 0 
L 261 227 256 223 0 255 0 
L 256 223 242 221 0 255 0 
L 242 221 239 218 0 255 0 
L 239 218 239 213 0 255 0 
L 239 213 236 211 0 255 0 
L 236 211 234 209 0 255 0 
L 234 209 226 206 0 255 0 
L 226 206 215 203 0 255 0 
L 215 203 210 199 0 255 0 
L 210 199 203 205 0 255 0 
L 203 205 181 201 0 255 0 
L 181 201 176 194 0 255 0 
L 176 194 170 191 0 255 0 
L 170 191 168 188 0 255 0 
L 168 188 153 188 0 255 0 
L 153 188 145 185 0 255 0 
L 145 185 141 192 0 255 0 
L 141 192 136 196 0 255 0 
 
L 195 101 199 107 0 255 0 
L 199 107 197 115 0 255 0 
L 197 115 204 123 0 255 0 
L 204 123 207 128 0 255 0 
L 207 128 205 136 0 255 0 
L 205 136 207 143 0 255 0 
L 207 143 210 152 0 255 0 
L 210 152 219 151 0 255 0 
L 219 151 228 155 0 255 0 
L 228 155 231 161 0 255 0 
L 231 161 236 159 0 255 0 
L 236 159 240 162 0 255 0 
L 240 162 246 158 0 255 0 
L 246 158 256 160 0 255 0 
L 256 160 259 164 0 255 0 
L 259 164 266 162 0 255 0 
L 266 162 269 169 0 255 0 
L 269 169 271 174 0 255 0 
L 271 174 287 167 0 255 0 
L 287 167 294 155 0 255 0 
L 294 155 299 151 0 255 0 
L 299 151 297 144 0 255 0 
L 297 144 309 133 0 255 0 
L 309 133 318 128 0 255 0 
L 318 128 315 125 0 255 0 
L 315 125 315 117 0 255 0 
L 315 117 321 110 0 255 0 
L 321 110 334 111 0 255 0 
L 334 111 336 108 0 255 0 
L 336 108 329 100 0 255 0 
L 329 100 324 97 0 255 0 
L 324 97 323 94 0 255 0 
L 323 94 327 88 0 255 0 
L 327 88 316 76 0 255 0 
L 316 76 318 71 0 255 0 
L 318 71 324 71 0 255 0 
L 324 71 325 66 0 255 0 
L 325 66 319 61 0 255 0 
L 319 61 304 59 0 255 0 
L 304 59 293 63 0 255 0 
L 293 63 291 77 0 255 0 
L 291 77 285 78 0 255 0 
L 285 78 285 83 0 255 0 
L 285 83 281 84 0 255 0 
L 281 84 278 92 0 255 0 
L 278 92 271 97 0 255 0 
L 271 97 248 91 0 255 0 
L 248 91 233 100 0 255 0 
L 233 100 228 96 0 255 0 
L 228 96 221 99 0 255 0 
L 221 99 208 81 0 255 0 
L 208 81 202 84 0 255 0 
L 202 84 195 95 0 255 0 
L 195 95 195 101 0 255 0 
 
L 15 47 13 51 0 255 0 
L 13 51 18 56 0 255 0 
L 18 56 19 58 0 255 0 
L 19 58 24 59 0 255 0 
L 24 59 25 56 0 255 0 
L 25 56 21 52 0 255 0 
L 21 52 17 48 0 255 0 
L 17 48 15 47 0 255 0 
 
L 30 69 30 75 0 255 0 
L 30 75 35 79 0 255 0 
L 35 79 38 85 0 255 0 
L 38 85 41 84 0 255 0 
L 41 84 43 77 0 255 0 
L 43 77 39 75 0 255 0 
L 39 75 36 68 0 255 0 
L 36 68 30 69 0 255 0 
 
L 45 92 44 95 0 255 0 
L 44 95 46 97 0 255 0 
L 46 97 48 99 0 255 0 
L 48 99 51 96 0 255 0 
L 51 96 50 92 0 255 0 
L 50 92 45 92 0 255 0 
 
L 48 107 47 112 0 255 0 
L 47 112 49 114 0 255 0 
L 49 114 50 118 0 255 0 
L 50 118 53 120 0 255 0 
L 53 120 57 117 0 255 0 
L 57 117 54 107 0 255 0 
L 54 107 49 105 0 255 0 
L 49 105 48 107 0 255 0 
 
L 62 122 60 123 0 255 0 
L 60 123 59 125 0 255 0 
L 59 125 62 128 0 255 0 
L 62 128 64 128 0 255 0 
L 64 128 66 125 0 255 0 
L 66 125 62 122 0 255 0 
 
L 63 133 63 134 0 255 0 
L 63 134 66 135 0 255 0 
L 66 135 69 133 0 255 0 
L 69 133 68 131 0 255 0 
L 68 131 64 132 0 255 0 
L 64 132 63 133 0 255 0 
 
L 71 135 68 138 0 255 0 
L 68 138 70 141 0 255 0 
L 70 141 72 142 0 255 0 
L 72 142 75 138 0 255 0 
L 75 138 71 135 0 255 0 
 
L 90 171 93 177 0 255 0 
L 93 177 98 178 0 255 0 
L 98 178 97 174 0 255 0 
L 97 174 97 172 0 255 0 
L 97 172 94 170 0 255 0 
L 94 170 90 171 0 255 0 
 
L 91 68 96 72 0 255 0 
L 96 72 99 70 0 255 0 
L 99 70 97 67 0 255 0 
L 97 67 92 66 0 255 0 
L 92 66 91 68 0 255 0 
 
L 100 75 102 77 0 255 0 
L 102 77 105 75 0 255 0 
L 105 75 100 75 0 255 0 
 
L 103 81 108 80 0 255 0 
L 108 80 110 84 0 255 0 
L 110 84 115 85 0 255 0 
L 115 85 112 88 0 255 0 
L 112 88 106 84 0 255 0 
L 106 84 103 81 0 255 0 
 
L 117 87 115 88 0 255 0 
L 115 88 116 91 0 255 0 
L 116 91 120 92 0 255 0 
L 120 92 121 87 0 255 0 
L 121 87 117 87 0 255 0 
 
L 133 99 129 104 0 255 0 
L 129 104 138 105 0 255 0 
L 138 105 139 100 0 255 0 
L 139 100 133 99 0 255 0 
 
L 140 127 141 132 0 255 0 
L 141 132 149 134 0 255 0 
L 149 134 150 143 0 255 0 
L 150 143 155 146 0 255 0 
L 155 146 156 149 0 255 0 
L 156 149 161 149 0 255 0 
L 161 149 162 146 0 255 0 
L 162 146 160 144 0 255 0 
L 160 144 160 141 0 255 0 
L 160 141 154 137 0 255 0 
L 154 137 152 124 0 255 0 
L 152 124 145 123 0 255 0 
L 145 123 140 127 0 255 0 
 
L 171 143 171 150 0 255 0 
L 171 150 175 152 0 255 0 
L 175 152 177 153 0 255 0 
L 177 153 182 146 0 255 0 
L 182 146 178 140 0 255 0 
L 178 140 171 143 0 255 0 
 
L 238 211 240 214 0 255 0 
L 240 214 257 215 0 255 0 
L 257 215 258 211 0 255 0 
L 258 211 244 209 0 255 0 
L 244 209 239 209 0 255 0 
L 239 209 238 211 0 255 0 
 
L 262 231 271 237 0 255 0 
L 271 237 279 233 0 255 0 
L 279 233 272 229 0 255 0 
L 272 229 263 230 0 255 0 
L 263 230 262 231 0 255 0 
 
L 187 47 186 52 0 255 0 
L 186 52 190 56 0 255 0 
L 190 56 192 58 0 255 0 
L 192 58 195 56 0 255 0 
L 195 56 194 51 0 255 0 
L 194 51 193 48 0 255 0 
L 193 48 187 47 0 255 0 
 
L 294 162 291 167 0 255 0 
L 291 167 289 172 0 255 0 
L 289 172 289 176 0 255 0 
L 289 176 294 173 0 255 0 
L 294 173 295 166 0 255 0 
L 295 166 294 162 0 255 0 
 
L 279 239 279 242 0 255 0 
L 279 242 286 246 0 255 0 
L 286 246 289 240 0 255 0 
L 289 240 294 236 0 255 0 
L 294 236 291 234 0 255 0 
L 291 234 289 231 0 255 0 
L 289 231 286 232 0 255 0 
L 286 232 283 236 0 255 0 
L 283 236 280 237 0 255 0 
L 280 237 279 239 0 255 0 
 
L 293 240 293 246 0 255 0 
L 293 246 311 246 0 255 0 
L 311 246 314 243 0 255 0 
L 314 243 324 245 0 255 0 
L 324 245 327 242 0 255 0 
L 327 242 324 239 0 255 0 
L 324 239 316 237 0 255 0 
L 316 237 314 234 0 255 0 
L 314 234 306 235 0 255 0 
L 306 235 306 237 0 255 0 
L 306 237 309 239 0 255 0 
L 309 239 311 241 0 255 0 
L 311 241 307 241 0 255 0 
L 307 241 303 239 0 255 0 
L 303 239 299 238 0 255 0 
L 299 238 296 238 0 255 0 
L 296 238 293 240 0 255 0 
 
L 323 254 322 256 0 255 0 
L 322 256 331 260 0 255 0 
L 331 260 337 268 0 255 0 
L 337 268 344 269 0 255 0 
L 344 269 347 266 0 255 0 
L 347 266 338 256 0 255 0 
L 338 256 323 254 0 255 0 
 
L 334 243 336 247 0 255 0 
L 336 247 348 249 0 255 0 
L 348 249 350 251 0 255 0 
L 350 251 362 250 0 255 0 
L 362 250 372 251 0 255 0 
L 372 251 379 248 0 255 0 
L 379 248 380 243 0 255 0 
L 380 243 368 246 0 255 0 
L 368 246 365 244 0 255 0 
L 365 244 360 245 0 255 0 
L 360 245 347 239 0 255 0 
L 347 239 337 240 0 255 0 
L 337 240 334 243 0 255 0 
 
L 382 246 385 248 0 255 0 
L 385 248 386 246 0 255 0 
L 386 246 384 244 0 255 0 
L 384 244 382 246 0 255 0 
 
L 387 247 392 249 0 255 0 
L 392 249 393 246 0 255 0 
L 393 246 391 243 0 255 0 
L 391 243 387 245 0 255 0 
L 387 245 387 247 0 255 0 
 
L 397 245 398 247 0 255 0 
L 398 247 398 249 0 255 0 
L 398 249 395 248 0 255 0 
L 395 248 395 244 0 255 0 
L 395 244 397 245 0 255 0 
 
L 401 244 402 246 0 255 0 
L 402 246 412 247 0 255 0 
L 412 247 412 245 0 255 0 
L 412 245 401 244 0 255 0 
 
L 376 277 375 283 0 255 0 
L 375 283 384 282 0 255 0 
L 384 282 385 278 0 255 0 
L 385 278 400 274 0 255 0 
L 400 274 409 264 0 255 0 
L 409 264 407 259 0 255 0 
L 407 259 389 262 0 255 0 
L 389 262 385 274 0 255 0 
L 385 274 380 274 0 255 0 
L 380 274 376 277 0 255 0 
 
L 417 244 419 245 0 255 0 
L 419 245 428 245 0 255 0 
L 428 245 434 242 0 255 0 
L 434 242 432 239 0 255 0 
L 432 239 423 238 0 255 0 
L 423 238 417 244 0 255 0 
 
L 470 249 472 254 0 255 0 
L 472 254 476 254 0 255 0 
L 476 254 480 247 0 255 0 
L 480 247 475 245 0 255 0 
L 475 245 470 249 0 255 0 
 
L 493 247 493 253 0 255 0 
L 493 253 498 254 0 255 0 
L 498 254 500 250 0 255 0 
L 500 250 503 246 0 255 0 
L 503 246 504 241 0 255 0 
L 504 241 501 241 0 255 0 
L 501 241 493 247 0 255 0 
 
L 536 234 536 240 0 255 0 
L 536 240 539 243 0 255 0 
L 539 243 543 238 0 255 0 
L 543 238 542 234 0 255 0 
L 542 234 536 234 0 255 0 
 
L 540 230 546 234 0 255 0 
L 546 234 550 227 0 255 0 
L 550 227 547 221 0 255 0 
L 547 221 542 222 0 255 0 
L 542 222 543 227 0 255 0 
L 543 227 540 230 0 255 0 
 
L 349 119 348 125 0 255 0 
L 348 125 346 128 0 255 0 
L 346 128 346 133 0 255 0 
L 346 133 342 134 0 255 0 
L 342 134 338 142 0 255 0 
L 338 142 338 148 0 255 0 
L 338 148 334 151 0 255 0 
L 334 151 334 156 0 255 0 
L 334 156 329 159 0 255 0 
L 329 159 328 166 0 255 0 
L 328 166 330 169 0 255 0 
L 330 169 330 171 0 255 0 
L 330 171 336 173 0 255 0 
L 336 173 338 179 0 255 0 
L 338 179 337 184 0 255 0 
L 337 184 335 188 0 255 0 
L 335 188 335 191 0 255 0 
L 335 191 333 197 0 255 0 
L 333 197 334 201 0 255 0 
L 334 201 339 204 0 255 0 
L 339 204 341 202 0 255 0 
L 341 202 346 205 0 255 0 
L 346 205 348 203 0 255 0 
L 348 203 347 199 0 255 0 
L 347 199 348 192 0 255 0 
L 348 192 350 191 0 255 0 
L 350 191 349 188 0 255 0 
L 349 188 349 179 0 255 0 
L 349 179 351 177 0 255 0 
L 351 177 352 169 0 255 0 
L 352 169 351 165 0 255 0 
L 351 165 358 161 0 255 0 
L 358 161 360 165 0 255 0 
L 360 165 361 168 0 255 0 
L 361 168 357 171 0 255 0 
L 357 171 356 175 0 255 0 
L 356 175 365 184 0 255 0 
L 365 184 363 190 0 255 0 
L 363 190 364 193 0 255 0 
L 364 193 369 194 0 255 0 
L 369 194 371 195 0 255 0 
L 371 195 375 190 0 255 0 
L 375 190 384 190 0 255 0 
L 384 190 384 185 0 255 0 
L 384 185 379 179 0 255 0 
L 379 179 380 171 0 255 0 
L 380 171 370 155 0 255 0 
L 370 155 374 151 0 255 0 
L 374 151 380 151 0 255 0 
L 380 151 383 147 0 255 0 
L 383 147 386 147 0 255 0 
L 386 147 387 143 0 255 0 
L 387 143 387 139 0 255 0 
L 387 139 384 138 0 255 0 
L 384 138 381 138 0 255 0 
L 381 138 380 139 0 255 0 
L 380 139 371 138 0 255 0 
L 371 138 362 144 0 255 0 
L 362 144 357 143 0 255 0 
L 357 143 356 139 0 255 0 
L 356 139 354 138 0 255 0 
L 354 138 351 128 0 255 0 
L 351 128 353 123 0 255 0 
L 353 123 356 118 0 255 0 
L 356 118 361 118 0 255 0 
L 361 118 366 121 0 255 0 
L 366 121 371 121 0 255 0 
L 371 121 380 122 0 255 0 
L 380 122 386 122 0 255 0 
L 386 122 393 123 0 255 0 
L 393 123 399 126 0 255 0 
L 399 126 405 126 0 255 0 
L 405 126 410 127 0 255 0 
L 410 127 416 121 0 255 0 
L 416 121 427 113 0 255 0 
L 427 113 424 108 0 255 0 
L 424 108 420 108 0 255 0 
L 420 108 415 113 0 255 0 
L 415 113 410 114 0 255 0 
L 410 114 407 117 0 255 0 
L 407 117 390 114 0 255 0 
L 390 114 381 111 0 255 0 
L 381 111 378 111 0 255 0 
L 378 111 376 110 0 255 0 
L 376 110 370 109 0 255 0 
L 370 109 368 108 0 255 0 
L 368 108 364 108 0 255 0 
L 364 108 360 112 0 255 0 
L 360 112 356 112 0 255 0 
L 356 112 349 119 0 255 0 
 
L 366 200 367 202 0 255 0 
L 367 202 371 205 0 255 0 
L 371 205 373 202 0 255 0 
L 373 202 373 198 0 255 0 
L 373 198 368 197 0 255 0 
L 368 197 367 200 0 255 0 
 
L 375 194 374 204 0 255 0 
L 374 204 381 203 0 255 0 
L 381 203 380 198 0 255 0 
L 380 198 382 197 0 255 0 
L 382 197 382 193 0 255 0 
L 382 193 380 192 0 255 0 
L 380 192 380 194 0 255 0 
L 380 194 375 194 0 255 0 
 
L 374 208 375 209 0 255 0 
L 375 209 381 210 0 255 0 
L 381 210 381 208 0 255 0 
L 381 208 380 206 0 255 0 
L 380 206 376 206 0 255 0 
L 376 206 374 208 0 255 0 
 
L 382 204 385 207 0 255 0 
L 385 207 387 202 0 255 0 
L 387 202 388 200 0 255 0 
L 388 200 390 194 0 255 0 
L 390 194 386 193 0 255 0 
L 386 193 383 199 0 255 0 
L 383 199 382 204 0 255 0 
 
L 390 182 386 187 0 255 0 
L 386 187 387 191 0 255 0 
L 387 191 389 191 0 255 0 
L 389 191 389 186 0 255 0 
L 389 186 392 185 0 255 0 
L 392 185 390 182 0 255 0 
 
L 386 149 389 151 0 255 0 
L 389 151 392 150 0 255 0 
L 392 150 393 146 0 255 0 
L 393 146 389 147 0 255 0 
L 389 147 386 149 0 255 0 
 
L 389 137 389 141 0 255 0 
L 389 141 392 144 0 255 0 
L 392 144 396 143 0 255 0 
L 396 143 398 140 0 255 0 
L 398 140 394 135 0 255 0 
L 394 135 389 137 0 255 0 
 
L 394 148 398 151 0 255 0 
L 398 151 400 149 0 255 0 
L 400 149 400 146 0 255 0 
L 400 146 396 146 0 255 0 
L 396 146 394 148 0 255 0 
 
L 410 153 407 156 0 255 0 
L 407 156 410 160 0 255 0 
L 410 160 416 162 0 255 0 
L 416 162 420 159 0 255 0 
L 420 159 428 161 0 255 0 
L 428 161 427 166 0 255 0 
L 427 166 430 169 0 255 0 
L 430 169 435 166 0 255 0 
L 435 166 435 157 0 255 0 
L 435 157 423 157 0 255 0 
L 423 157 410 153 0 255 0 
 
L 429 177 428 180 0 255 0 
L 428 180 435 183 0 255 0 
L 435 183 439 187 0 255 0 
L 439 187 444 186 0 255 0 
L 444 186 447 182 0 255 0 
L 447 182 442 175 0 255 0 
L 442 175 429 177 0 255 0 
 
L 449 154 450 159 0 255 0 
L 450 159 461 160 0 255 0 
L 461 160 461 157 0 255 0 
L 461 157 458 154 0 255 0 
L 458 154 457 152 0 255 0 
L 457 152 449 154 0 255 0 
 
L 452 139 450 143 0 255 0 
L 450 143 453 148 0 255 0 
L 453 148 458 147 0 255 0 
L 458 147 456 140 0 255 0 
L 456 140 452 139 0 255 0 
 
L 458 132 458 141 0 255 0 
L 458 141 461 146 0 255 0 
L 461 146 465 148 0 255 0 
L 465 148 467 146 0 255 0 
L 467 146 463 142 0 255 0 
L 463 142 462 131 0 255 0 
L 462 131 472 132 0 255 0 
L 472 132 473 129 0 255 0 
L 473 129 469 125 0 255 0 
L 469 125 473 125 0 255 0 
L 473 125 476 119 0 255 0 
L 476 119 474 115 0 255 0 
L 474 115 471 114 0 255 0 
L 471 114 466 121 0 255 0 
L 466 121 462 123 0 255 0 
L 462 123 465 116 0 255 0 
L 465 116 464 110 0 255 0 
L 464 110 467 107 0 255 0 
L 467 107 465 105 0 255 0 
L 465 105 457 112 0 255 0 
L 457 112 458 116 0 255 0 
L 458 116 456 119 0 255 0 
L 456 119 455 126 0 255 0 
L 455 126 458 132 0 255 0 
 
L 454 176 453 185 0 255 0 
L 453 185 456 186 0 255 0 
L 456 186 460 180 0 255 0 
L 460 180 467 185 0 255 0 
L 467 185 469 183 0 255 0 
L 469 183 481 187 0 255 0 
L 481 187 485 186 0 255 0 
L 485 186 497 195 0 255 0 
L 497 195 498 189 0 255 0 
L 498 189 490 181 0 255 0 
L 490 181 484 180 0 255 0 
L 484 180 478 177 0 255 0 
L 478 177 475 178 0 255 0 
L 475 178 464 175 0 255 0 
L 464 175 458 177 0 255 0 
L 458 177 454 176 0 255 0 
 
L 480 161 480 166 0 255 0 
L 480 166 488 167 0 255 0 
L 488 167 492 169 0 255 0 
L 492 169 494 164 0 255 0 
L 494 164 491 161 0 255 0 
L 491 161 487 162 0 255 0 
L 487 162 480 161 0 255 0 
 
L 495 154 494 157 0 255 0 
L 494 157 502 155 0 255 0 
L 502 155 503 151 0 255 0 
L 503 151 497 150 0 255 0 
L 497 150 495 154 0 255 0 
 
L 498 137 496 143 0 255 0 
L 496 143 498 145 0 255 0 
L 498 145 507 148 0 255 0 
L 507 148 510 145 0 255 0 
L 510 145 508 140 0 255 0 
L 508 140 505 140 0 255 0 
L 505 140 498 137 0 255 0 
 
L 568 158 570 164 0 255 0 
L 570 164 573 166 0 255 0 
L 573 166 578 165 0 255 0 
L 578 165 578 162 0 255 0 
L 578 162 572 157 0 255 0 
L 572 157 568 158 0 255 0 
 
L 562 169 562 170 0 255 0 
L 562 170 562 172 0 255 0 
L 562 172 572 173 0 255 0 
L 572 173 576 176 0 255 0 
L 576 176 584 174 0 255 0 
L 584 174 585 173 0 255 0 
L 585 173 584 171 0 255 0 
L 584 171 573 168 0 255 0 
L 573 168 562 169 0 255 0 
 
L 631 283 619 269 0 255 0 
L 619 269 609 268 0 255 0 
L 609 268 608 267 0 255 0 
L 608 267 604 268 0 255 0 
L 604 268 602 267 0 255 0 
L 602 267 600 270 0 255 0 
L 600 270 586 269 0 255 0 
L 586 269 586 267 0 255 0 
L 586 267 590 258 0 255 0 
L 590 258 602 255 0 255 0 
L 602 255 598 248 0 255 0 
L 598 248 602 244 0 255 0 
L 602 244 597 237 0 255 0 
L 597 237 596 227 0 255 0 
L 596 227 564 210 0 255 0 
L 564 210 554 209 0 255 0 
L 554 209 548 203 0 255 0 
L 548 203 541 198 0 255 0 
L 541 198 538 197 0 255 0 
L 538 197 536 195 0 255 0 
L 536 195 533 196 0 255 0 
L 533 196 532 201 0 255 0 
L 532 201 524 201 0 255 0 
L 524 201 524 196 0 255 0 
L 524 196 525 193 0 255 0 
L 525 193 524 190 0 255 0 
L 524 190 522 190 0 255 0 
L 522 190 520 185 0 255 0 
L 520 185 515 183 0 255 0 
L 515 183 515 182 0 255 0 
L 515 182 526 181 0 255 0 
L 526 181 529 179 0 255 0 
L 529 179 537 179 0 255 0 
L 537 179 537 177 0 255 0 
L 537 177 518 174 0 255 0 
L 518 174 515 170 0 255 0 
L 515 170 515 167 0 255 0 
L 515 167 514 164 0 255 0 
L 514 164 502 161 0 255 0 
L 502 161 506 156 0 255 0 
L 506 156 524 146 0 255 0 
L 524 146 534 153 0 255 0 
L 534 153 546 154 0 255 0 
L 546 154 548 158 0 255 0 
L 548 158 546 160 0 255 0 
L 546 160 547 165 0 255 0 
L 547 165 544 168 0 255 0 
L 544 168 545 177 0 255 0 
L 545 177 548 182 0 255 0 
L 548 182 550 180 0 255 0 
L 550 180 553 182 0 255 0 
L 553 182 555 189 0 255 0 
L 555 189 563 191 0 255 0 
L 563 191 577 180 0 255 0 
L 577 180 585 178 0 255 0 
L 585 178 589 174 0 255 0 
L 589 174 601 173 0 255 0 
L 601 173 617 182 0 255 0 
L 617 182 623 185 0 255 0 
L 623 185 631 188 0 255 0 
L 631 188 631 283 0 255 0 
