55
L 20 28 25 49 0 255 0
L 25 49 43 67 0 255 0
L 43 67 55 78 0 255 0
L 55 78 61 83 0 255 0
L 61 83 65 94 0 255 0
L 65 94 79 108 0 255 0
L 79 108 80 120 0 255 0
L 80 120 110 145 0 255 0
L 110 145 112 171 0 255 0
L 112 171 120 186 0 255 0
L 120 186 132 195 0 255 0
L 132 195 147 218 0 255 0
L 147 218 161 265 0 255 0
L 161 265 179 293 0 255 0
L 179 293 191 302 0 255 0
L 191 302 194 312 0 255 0
L 194 312 209 322 0 255 0
L 209 322 220 336 0 255 0
L 220 336 231 340 0 255 0
L 231 340 251 368 0 255 0
L 251 368 262 364 0 255 0
L 262 364 276 364 0 255 0
L 276 364 282 370 0 255 0
L 282 370 290 345 0 255 0
L 290 345 292 327 0 255 0
L 292 327 299 317 0 255 0
L 299 317 293 309 0 255 0
L 293 309 303 293 0 255 0
L 303 293 289 276 0 255 0
L 289 276 270 271 0 255 0
L 270 271 267 262 0 255 0
L 267 262 260 254 0 255 0
L 260 254 259 233 0 255 0
L 259 233 245 226 0 255 0
L 245 226 238 220 0 255 0
L 238 220 240 210 0 255 0
L 240 210 245 202 0 255 0
L 245 202 243 194 0 255 0
L 243 194 217 184 0 255 0
L 217 184 214 176 0 255 0
L 214 176 204 169 0 255 0
L 204 169 197 158 0 255 0
L 197 158 173 136 0 255 0
L 173 136 163 133 0 255 0
L 163 133 156 126 0 255 0
L 156 126 154 117 0 255 0
L 154 117 108 76 0 255 0
L 108 76 105 67 0 255 0
L 105 67 94 63 0 255 0
L 94 63 92 49 0 255 0
L 92 49 73 36 0 255 0
L 73 36 42 34 0 255 0
L 42 34 37 23 0 255 0
L 37 23 25 21 0 255 0
L 25 21 20 28 0 255 0
