25
L 917 264 917 282 0 255 0
L 917 282 922 292 0 255 0
L 922 292 931 297 0 255 0
L 931 297 935 293 0 255 0
L 935 293 927 284 0 255 0
L 927 284 924 263 0 255 0
L 924 263 945 265 0 255 0
L 945 265 946 259 0 255 0
L 946 259 939 250 0 255 0
L 939 250 946 250 0 255 0
L 946 250 952 238 0 255 0
L 952 238 948 230 0 255 0
L 948 230 942 228 0 255 0
L 942 228 933 242 0 255 0
L 933 242 924 246 0 255 0
L 924 246 930 233 0 255 0
L 930 233 929 221 0 255 0
L 929 221 934 215 0 255 0
L 934 215 931 210 0 255 0
L 931 210 914 225 0 255 0
L 914 225 916 233 0 255 0
L 916 233 912 239 0 255 0
L 912 239 910 253 0 255 0
L 910 253 917 264 0 255 0
