55
L 390 203 398 215 0 255 0
L 398 215 394 230 0 255 0
L 394 230 408 246 0 255 0
L 408 246 415 257 0 255 0
L 415 257 411 272 0 255 0
L 411 272 414 287 0 255 0
L 414 287 420 304 0 255 0
L 420 304 439 302 0 255 0
L 439 302 457 310 0 255 0
L 457 310 463 322 0 255 0
L 463 322 472 318 0 255 0
L 472 318 481 325 0 255 0
L 481 325 493 316 0 255 0
L 493 316 513 320 0 255 0
L 513 320 518 328 0 255 0
L 518 328 532 325 0 255 0
L 532 325 538 338 0 255 0
L 538 338 542 349 0 255 0
L 542 349 575 334 0 255 0
L 575 334 589 310 0 255 0
L 589 310 598 302 0 255 0
L 598 302 595 288 0 255 0
L 595 288 618 267 0 255 0
L 618 267 636 256 0 255 0
L 636 256 631 250 0 255 0
L 631 250 630 235 0 255 0
L 630 235 643 221 0 255 0
L 643 221 668 222 0 255 0
L 668 222 673 217 0 255 0
L 673 217 659 200 0 255 0
L 659 200 648 194 0 255 0
L 648 194 647 188 0 255 0
L 647 188 655 176 0 255 0
L 655 176 633 152 0 255 0
L 633 152 636 143 0 255 0
L 636 143 648 143 0 255 0
L 648 143 650 132 0 255 0
L 650 132 639 123 0 255 0
L 639 123 608 119 0 255 0
L 608 119 587 126 0 255 0
L 587 126 583 155 0 255 0
L 583 155 571 156 0 255 0
L 571 156 570 166 0 255 0
L 570 166 563 169 0 255 0
L 563 169 557 185 0 255 0
L 557 185 542 194 0 255 0
L 542 194 497 182 0 255 0
L 497 182 467 201 0 255 0
L 467 201 457 193 0 255 0
L 457 193 442 199 0 255 0
L 442 199 417 163 0 255 0
L 417 163 404 168 0 255 0
L 404 168 391 190 0 255 0
L 391 190 390 203 0 255 0
