91
L 698 238 697 251 0 255 0
L 697 251 692 257 0 255 0
L 692 257 692 267 0 255 0
L 692 267 685 269 0 255 0
L 685 269 676 285 0 255 0
L 676 285 676 297 0 255 0
L 676 297 669 303 0 255 0
L 669 303 668 312 0 255 0
L 668 312 659 319 0 255 0
L 659 319 657 333 0 255 0
L 657 333 661 338 0 255 0
L 661 338 661 343 0 255 0
L 661 343 673 347 0 255 0
L 673 347 676 358 0 255 0
L 676 358 675 368 0 255 0
L 675 368 670 376 0 255 0
L 670 376 671 383 0 255 0
L 671 383 667 395 0 255 0
L 667 395 669 403 0 255 0
L 669 403 679 408 0 255 0
L 679 408 683 405 0 255 0
L 683 405 692 410 0 255 0
L 692 410 697 406 0 255 0
L 697 406 695 399 0 255 0
L 695 399 697 384 0 255 0
L 697 384 700 382 0 255 0
L 700 382 698 376 0 255 0
L 698 376 699 358 0 255 0
L 699 358 702 354 0 255 0
L 702 354 704 338 0 255 0
L 704 338 702 331 0 255 0
L 702 331 716 323 0 255 0
L 716 323 721 331 0 255 0
L 721 331 722 337 0 255 0
L 722 337 715 343 0 255 0
L 715 343 713 351 0 255 0
L 713 351 731 368 0 255 0
L 731 368 726 381 0 255 0
L 726 381 729 387 0 255 0
L 729 387 738 388 0 255 0
L 738 388 743 391 0 255 0
L 743 391 751 380 0 255 0
L 751 380 768 380 0 255 0
L 768 380 769 370 0 255 0
L 769 370 758 358 0 255 0
L 758 358 760 342 0 255 0
L 760 342 741 310 0 255 0
L 741 310 749 303 0 255 0
L 749 303 761 303 0 255 0
L 761 303 766 295 0 255 0
L 766 295 772 295 0 255 0
L 772 295 775 287 0 255 0
L 775 287 775 279 0 255 0
L 775 279 769 276 0 255 0
L 769 276 762 276 0 255 0
L 762 276 760 278 0 255 0
L 760 278 743 277 0 255 0
L 743 277 725 288 0 255 0
L 725 288 715 286 0 255 0
L 715 286 713 278 0 255 0
L 713 278 709 277 0 255 0
L 709 277 703 257 0 255 0
L 703 257 706 246 0 255 0
L 706 246 713 237 0 255 0
L 713 237 722 237 0 255 0
L 722 237 732 243 0 255 0
L 732 243 742 243 0 255 0
L 742 243 760 245 0 255 0
L 760 245 773 245 0 255 0
L 773 245 786 247 0 255 0
L 786 247 799 253 0 255 0
L 799 253 810 253 0 255 0
L 810 253 821 255 0 255 0
L 821 255 832 242 0 255 0
L 832 242 854 226 0 255 0
L 854 226 849 216 0 255 0
L 849 216 840 216 0 255 0
L 840 216 831 226 0 255 0
L 831 226 820 229 0 255 0
L 820 229 814 235 0 255 0
L 814 235 781 228 0 255 0
L 781 228 763 223 0 255 0
L 763 223 756 223 0 255 0
L 756 223 753 221 0 255 0
L 753 221 740 218 0 255 0
L 740 218 736 217 0 255 0
L 736 217 728 217 0 255 0
L 728 217 720 225 0 255 0
L 720 225 713 224 0 255 0
L 713 224 698 238 0 255 0
