40
L 272 393 275 399 0 255 0
L 275 399 294 402 0 255 0
L 294 402 302 409 0 255 0
L 302 409 299 415 0 255 0
L 299 415 322 419 0 255 0
L 322 419 337 431 0 255 0
L 337 431 389 436 0 255 0
L 389 436 415 446 0 255 0
L 415 446 427 453 0 255 0
L 427 453 443 458 0 255 0
L 443 458 453 455 0 255 0
L 453 455 462 463 0 255 0
L 462 463 482 463 0 255 0
L 482 463 489 461 0 255 0
L 489 461 496 469 0 255 0
L 496 469 512 472 0 255 0
L 512 472 519 482 0 255 0
L 519 482 524 478 0 255 0
L 524 478 520 473 0 255 0
L 520 473 518 462 0 255 0
L 518 462 523 455 0 255 0
L 523 455 512 446 0 255 0
L 512 446 485 442 0 255 0
L 485 442 478 437 0 255 0
L 478 437 478 426 0 255 0
L 478 426 473 422 0 255 0
L 473 422 469 419 0 255 0
L 469 419 453 413 0 255 0
L 453 413 431 407 0 255 0
L 431 407 420 398 0 255 0
L 420 398 406 410 0 255 0
L 406 410 362 402 0 255 0
L 362 402 352 388 0 255 0
L 352 388 341 382 0 255 0
L 341 382 336 377 0 255 0
L 336 377 307 376 0 255 0
L 307 376 290 370 0 255 0
L 290 370 283 385 0 255 0
L 283 385 272 393 0 255 0
